0 3 4 6 8 9 12 13 14 15 16 17 18 19 20 21 23 24 27
1 3 4 6 7 8 12
2 3 4 6 12 21 25 26 27 28
3 3 4 5 6 7 8 12 21 25 26 27 28
4 5 7
5 5 7
6 6 7 10 11 12 13 15 17 19 20 21 22 23 24 26 27 28
7 7 10 11 12 13 15 17 19 20 21 22 23 24 26 27 28
8 10 11 12 13 15 17 19 20 21 22 23 24 26 27 28
9 10 11 12 13 15 17 19 20 21 22 23 24 26 27 28
10 10 11 12 13 14 15 17 19 20 21 22 23 24 26 27
11 10 11 14 15 17 19 20 21 22 23 24 26 27 28
12 10 11 12 13 15 17 19 20 21 22 23 24 26 27 28
13 10 11 12 13 15 17 19 20 21 22 23 24 26 27 28
14 10 11 12 13 14 15 16 17 19 20 21 22 23 24 26 27 28
15 10 11 12 13 16 17
16 10 11 12 13 16 17
17 10 11 12 13 16 17
18 21 25 26 27 28
19 21 25 26 27 28
20 20 25 26 27 28
21 21 25 26 27
22 11 20 21 25 26 27 28
23 11 20 21 23 24 25 26 27 28
24 20 21 23 24 25 26 27 28
25 20 21 25 26 27 28
26 25 26 28
27 27 28
28 25 28
