0
1
2
3
4
5
6
7
8
9
10
11
12
13
14
15
16
17
18
19
20
21
22
23
24
25
26
27
28
29
30
31 36 39 40 42 43 45 46 47 48 49 50 51 52 53 54 55 58 60 61 63 64 65 66 67 70 82
32 40 69
33 66 72
34 20
35 76
36 76
37 76
38 76
39 76
40 76
41 76
42 41
43 74
44 74
45 20 41 74 76
46 44 76
47 44 74
48 41 76 79
49 20 38 41 44 62 74 79
50 40 62 69 72 81
51 20 34 39 41 44 62 74 75 76 79
52 3 20 41 44 60 62 74 75 76 79 80 81
53 3 17 20 41 62 72 73 74 75 76 77 80 81
54 44 69 74 75 76 77 78 79 80 81
55 3 57 73 75 77 79 80 81
56 30
57 24 25 26 27 28 29 30 76
58 19 44 74 76 81
59 11 19 62 75
60 10 16 25 26 41 44 62 69 73 75 76 77 78 80 81
61 2 9 10 13 16 17 19 20 25 26 41 44 56 73 74 75 76 77 78 79 80 81
62 16 17 18 19 20 41 44 56 62 73 74 75 76 77 78 79 80 81
63 15 24 30 41 72 76
64 14 15 17 62 73 79 81
65 5 8 12 15 19 56 72 76
66 2 5 7 8 9 11 12 14 15 17 19 38 41 44 56 62 69 72 79 80 81
67 2 6 7 8 9 15 17 19 20 25 26 40 41 44 56 62 69 72 73 74 76 77 78 79 80 81
68 2 8 10 12 14 15 26 30 56 76
69 4 5 6 7 8 9 10 14 15 19 20 25 26 41 44 56 62 69 72 73 74 75 76 78 79 80 81
70 2 7 8 11 15 18 20 24 28 41 44 56 62 72 74 75 76 79 81
71 0 15 37 40 59 60 68 69 72 76 81
72 11 12 13 14 15 18 19 20 23 24 25 26 27 30 44 69 73 74 75 76 77 80 81
73 22 23
74 22 23 73 74 76 77
75 22 23 27 28 29 76
76 21 24 25 26 28 30 76
77 21 23 76
78 21 22 23 29 76
79 21 22 23 28
80 21 22 23 30
81 21 22 23 30 76
82 1 41 62 74 76
