0 10 11 17 18 20 27 28 29 31 35 36 41 42 51 52 56
1 2 6 11 17 21 27 29 30 35 36 40 41 49 52 53
2 4 11 18 20 27 29 30 32 40 41 42 49 53 56
3 11 40 52
4 4 11 20 27 28 29 32 37 40 41 42 49 52 53 56
5 29 54 55
6
7 11 27 41 42 50
8 56
9 42
10
11 11 27 41 42 52
12 27
13 11 27 35 40 41 42 49 52
14 11
15 35 36 42
16 53
17
18 20 27
19 11 40 49
20
21 20 29 32 40 42 56
22 20 27 29 31 32 37 40 49
23 29 32 40 54 56
24 29 31 40 49
25 11 21 32 40 54
26 17 18 40 41 42
27
28
29 20 27 29 40 42 53 54 56
30 11 17 20 29 32 40 49 52
31
32
33 11 29 32
34 2 11 20 21 27 29 40 42 53 56
35 27
36 11 18 20 27 29 32 40 41 42 49 53 54 56
37
38 11
39 11 20 27 29 36 40
40 11 40 41 42
41
42
43 27
44 11 29 32
45 11
46 11 17 20 27 29 36 40 41 42 55
47 32
48 40
49 49 51 52
50
51
52 51 52
53
54
55
56
