0 7 9 10 13 14 22 24 26 28 29
1 22 24 26 28
2 4 9 10 13 22 24 26 28 29
3 4 9 10 13 22 24 26 28
4 9 10 13 22 24 26 28 29
5 4 9 10 13 22 24 26 28
6 22 24 26 28
7 9 10 13 14 22 24 26 28 29
8 7 10 13 14 22 24 26 28 29
9
10 7 9 14 22 24 26 28 29
11 7 9 10 13 14 22 24 26 28 29
12 7 9 10 13 14 22 24 26 28 29
13 7 9 10 14 22 24 26 28 29
14 7 14 22 24 26 28 29
15 7 14 22 24 26 28 29
16 7 14 22 24 26 28 29
17 7 14 22 24 26 28 29
18 7 14 22 24 26 28 29
19 7 9 10 13 14 22 24 26 28 29
20 7 9 10 13 14 22 24 26 28 29
21 22 24 26 28
22
23 22 24 26 28
24
25 22 24 26 28
26
27 22 24 26 28
28
29 31
30 10 22 24 26 28
31
32 22 24 26 28
33 4
34 4
35 4
36 4
