0 20 44 50
1
2 44
3 18 19 20 25 37 42 50
4 1 44 57
5 44
6 20 51
7 19 20
8 51
9 19 20 37 42 44 50 51
10 19 20 42 51
11 19 25 37 50
12 18 19 20 25 42 50 51
13 19 20 42 50 51
14 18 19 20 25 42 44 50 51
15 42 51
16 1 42 44 50
17 20 42 50
18
19
20
21 42
22 50
23 42
24 50
25 42
26 20 42 51
27 20
28 19 20 37 42 50 51
29 1 18 19 20 25 42 44 51 57
30 1 18 20 25 37 44 50 57
31 18 20 42 51
32 18 19 20 25 37 42 50
33 19 25
34 18 19 20 25 37 42 50 51
35 18 19 20 25 37 44 50
36 42 50
37 20 42 50
38 19 42
39 42
40 20 50
41 20 42 51
42
43 18 20 42 51
44
45 19 42
46 20 42 51
47 44
48 18 20 42
49 1 19 20 37 42 44 50 51
50
51
52 44
53 50
54 50
55 50
56 18 20 50 51
57
