0 10 12 13 14
1 10 11 12 13 14
2 10
3 11 12 13 14
4 10 12 13 14
5 7 8 9 10 12 13 14
6 7 8 9 10
7 7 8 9 10 12 13 14
8 7 8 9 10 12 13 14
9 7 8 9 10 12 13 14
10 10 11 12 13 14
11 11
12 14
13 14
14 14
15 7 8 9 10
16 7 8 9 10
17 7 8 9 10
18 7 8 9 10
19 7 8 9 10
20 7 8 9 10
21 1 2 7 8 9 10
22 7 8 9 10
23 1 2 7 8 9 10
24 7 8 9 10
25 7 8 9 10
26 7 8 9 10
27 7 8 9 10
28 1 2 7 8 9 10
29 7 8 9 10
30 7 8 9 10
31 0 1 2 3 4 5 6 15 16 17 18 19 20 21 22 23 24 25 26 27 28 29 30
32 1 2 3 6 15 16 19 20 21 22 23 24 25 27 28 29 30
33 1
34 1 3 4 5
35 1 2
36 1
37 2 25
38 1 2 3 6
39 1
40 0 1 2 3 4 5 6
41 1 2 3 4 5 6
42 1 15 16
43 1 2 3 6
44 1
45 1
46 0 1 2 3 4 5 6 15 16 17 18 19 20 21 22 23 24 25 26 27 28 29 30
47 1 2 3 6
48 1 3 5
49 1 2 3 6
50 0 1 2 3 4 5 6 15 16 17 18 19 20 21 22 23 24 25 26 27 28 29 30
51 1
52 1 3 4 5
53 1 2 3 6
54 0 1 3 4 5
55 1 3 5
56 0 1 2 3 4 5 6 15 16 17 18 19 20 21 22 23 24 25 26 27 28 29 30
57 0 1 3 4 5 15 16 17 18 21 22 23 25 26 27 28 29 30
58 1 2 3 6
59 0 1 3 4 5 10
60 1 3
61 1
62 0 1 2 3 4 5 6
63 1
64 0 1 3 4 5 15 16 17 18 21 22 23 25 26 27 28 29 30
65 1 2 3 6 15 16 19 20 21 22 23 24 25 27 28 29 30
