0 7 8 10 11 12 13 15 18 20 30 31 34 35 36 65 66 82
1 7 13 14 54
2 12 15 20 25 26 27 29 30 32 41 46 49 54 64 65 70 71 72 82 84 88
3 15 25 26 27 30 32 39 41 42 44 46 54 60 70 71 72 81 82 84 88
4 11 13 30 41 51 60 70 72 81 84 86 87 88 92 93 94
5
6 10 13 30 32 47 51 65 70 72 81 84 86 88 91 92 94
7 8 17
8 8 9 19 21 24 25 26 28 30 31 35 38 41 44 45 46 49 54 56 60 63 66 76
9 9 16 19 21 23 25 26 28 31 33 35 41 44 46 49 56 66
10 9 19 21 24 25 26 30 32 33 35 43 49 58 66 67 78
11 8 10 19 24 25 26 30 35 42 43 49 55 58 66 67 76 78
12 8 9 15 16 19 22 23 24 25 26 28 33 38 41 45 49 56 66 76
13 8 13 15 16 17 19 21 24 25 26 28 30 31 32 33 35 38 41 44 46 49 54 55 56 58 60 63 66 76 84
14 8 9 15 16 21 23 25 26 28 33 38 41 76
15 25 26 31 38 41 46 49 55 56 63 76
16 9 26
17 17 35 49 58
18 8 17 30 35 63 66
19 26 31 37 38 41 43 45 46 49 52 55 56 60 63 66 69 74 79
20 15 17 21 24 28 32 34 35 38 43 45 46 49 54 56 58 60 65 66 69
21 17 38 44 45 48 49 50 52 55 56 66
22 38
23 23 38 58 66
24 38 48
25 26 38 40 43 48 73 74
26 37 38 40 43 48 50 54 58 62 73 74
27 43 48 50 74
28 48 50 52 62 74
29 49
30 17 30 37 38 40 43 44 45 46 48 49 50 52 54 55 56 58 62 63 66 68 69 73 74 79 82
31 31 38 45 49 52 55 56 60 63 66 69 74 79
32 38 40 41 43 48 50 54 55 62 63 68 74 82
33 25 26 38 43 45 46 48 49 52 54 56 58 60 62 64 66 68 74 79
34 28 41 45 49 59 60 63 66 69 76
35 49
36 31 36 37 41 45 49 52 55 59 60 62 66 68 69 74 79 90
37 37 38 43 45 46 49 52 55 58 63 66 68 74
38
39 48
40 48
41 52 69
42 68
43 37 38 43 46 49 52 55 58 66 74
44 48 66
45 48 66
46 48 49 50 58 66 68 73 79
47 49 50 68 74 79
48
49 48
50
51 48 49 50 54 58 62 66 68 73 79
52
53
54 48 79 90
55
56 79 85
57
58 48
59 48 50 74 90
60 52 56 66 69 79
61
62
63 48
64 48 50 66 79 85
65 48 50 74 79
66
67 79
68
69 90
70 68 73 79 85
71 73 74 79
72 73 79 85
73
74 48 50 56
75
76
77
78 73
79 90
80
81 73 85 90
82 85
83
84
85
86 73 79 85 90
87 85
88 79 85
89
90 90
91
92
93
94
